67 92 87 60 12 20 82 78
29 2 94 66 22 92 91 19 57 51 3 53 40 13 75 42 24 65 77 41 61
7 64 49 56 80 88 97 19 100 27 47 25 35 36 6 42 59 82 41 3 51
68 91 89 80 1 63 33 74 49 43 45 17 6 87 27 55 10 90 2 9 15 93 16 3 4 38 100 41 85
54 21 25 53 82 7 24 8 4 46 93 32 20 88 13
98 58 100 17 86 50 51 89 35 24 96 95 6 21 82 38 31 44 12 76 84
45 57 7 2 21 24 15 13 43 58 1 99 16 73 33 28 97 44 46 51 9 8 34 63 100 48
14 80 74 2 5 36 85
43 23 65 69 27 3 42 68 47 28 91 67 20 19 1 46 40 51
77
4 76 46 5 2 88 47 16 25 84 43 61 31 80 21 97 36 52 63 81 54 1 73 98 9 8 78
12
27 69 98 80 62 38
65 22 84 96 24 61 32 76 90 99 11 6 33 57 29 95 50
14 40 32 72 8 12 82 79 18 91 87 37 70 3 74 13 43 49
23 92 43 58 71 78 1 61 86 41
29 13 52 80 46 32 98 28 15
60 26 2 14 41 54
16 25 43 91 4 77 44 10 3 72 29 18 89 100 38 96 56 82 69 55 30 15 62 48 23 83 86 27
100 13 54 10 23 50 82 20 15 56 75 48 51 62 40 43 79 53 37 42 57 99 85 94
89 7 73 84 57 74 48 24 40 15 97 3 65 99 88 37 26 13 43 66 44 56 25
12 59 1 61 14 51 28 27 40 91 90 64 86 57 82 21 55 56 48 87
12 25 38 68 99 85 96 14 88 91 89
5 75 57 87 38 97 47 86 59 43 46 91 37 53 29 30 50 70 69 22 71 34 17 44 83 18 98 45
7 16 45 78 33 44 8 11 62 99 59 80 25 82 94 83 1 69 19 3 96 58 60 75 56 66 71 52 22
79 13 40 18 93 90
62 8 9 80 22 6 76 78 98 20 100 60 27 24 72 7 65 57 44 46
44 97 5 67 100 15 3 42
20 32 48 97 91 64 9 21 99 29 43 80 74 45 63 22 46 82 53 88 61 56 93 16 66 60 36 51
45 76 58
42 65 92 85 43 68 5 22 11 99 34 26 55 63
5 45 31 67
11 1 86 22 90 88 47
65 71 23 62 35 72 83 54 51 64 94 58 82 8 63 32 34
45 88 26 96 24 46 19 7
84 92 100 97 88 5 10 55 11 80 20 8 58 53 70 45 34 42 41 37 78 1 14 12 4 86 72 96
2 4 81 25 86 11 98 62 34 37 12 96 18 90 79 32 1 66 5 72 75 91 99 43 7
34 50 99 69 1 16
62 35 13 76 30 73 89 31 80 45 38 86 23 99 39 92 25 59 21 95 27 67 68 36 4 3
56 93 17 60 45
87 64 1 21 25
30 49 85 96 7 38 35 84 61 55 6 24 39 65 58 27 16 26 33 70 97 53 82 46 90 80 100 48 75 2
7 64 90 20 80 3 43 62 55
18 31 42 60 84 37 99 4 27 77 24 10 52 75 95 85 40 16
15 2 18 16 78 63 70 68 100 95 57 29 31 83 42 30 58 72 7 32 45 20
99 51 11 48 66 82 15 87
27 40 46 78
97 1 60 74 81 33 42 10 67 89 4 9 82 31 18 13 51 55
36 33 56 39 47 74 99
38 72 63 70 79
7 8 95 26 6 62 71 80 47 85 9 48 79 55 64 87 4 68 97 54 77 65 69 21 44
70 73 48 44 61 29 36 64 47 55 75 28 91 78 21 93 7
25 60 76 7 11 69 96 42 72
27 32 81 49 17 84 83 34 41 57 64 61 85 70 63 69 19 89 46 48 82 76 96 29
40 93 25 37 13 8 18 70 98 55 15 81
47 1 13 59 72 39 68 32 95 58 15 85 97 10 69 2 16 93 36 11 89 99 17 33 22 31 34 70 91
37 17 73 53 82 26 28 48 4 34 16 80 79 2 40
48 96 55 27 74 98 50 37 18 7 75 65 60 47 93 36 40 45 85 76 42 58 14 21 73 61 87 72
77 38 19 85 73 46 68 36 30 91 20 3 44
12 20 44 2 40 91 70 21 19 29 27 10 96 53 60 11 67 93
98 42 28 37 26 54 74 64 87 90 88 34 27 22 61 33 59 9 35 57 56 78 6 32 13
10 51 71 74 43 49 64 47 99 98 21 13 52 89 66 77 27 65
70 65 28 50 22 9 96 21 91 51 18 75 45 41 48 93 40 2 1 100 77 13 43 34 87 72
93 19 51 65 95 62 9 76 42 18 77 49 72 94
96 28 38 31 44 35 47 92 78 19
57 58 100 40 70 65 99 52 61 28 62 6 38 76 90 75 51 72 7
33 4 39 7 26 49
18 37 92 67 42 83 73 38 52 63 59 15 78 74 82 13 31 30 2 40 94 87 6
74 62 29 73 22 31 57 9 90
85 73 10 89 28 86 51 77 95 80 56 20 68 39 84 87 48 97 18 15 30
15 13 99
86 1 64 87 44
41 50 17 38 48 15 36 91 51 3 82 42 18 25 58 92 21 11 8 83 60 85 33 97 53
42 21 29 50 33 4 98 27 72
49 55 16 72 40 10 97 17 99 11 47 59 91 13 58 38 28 1 27 60 63 62 42 54 29 37
38 4 55 49 81 42 1 31 82 99 73 88 35 33 98 24
59 55 34 82 5 65
46 93 62 71 42
84
78 18
62 44 18 36 25 41 17 13 3 5 16 46 76 56 77 2 20 87 39 40 78 21 1 28
34 84 80 55 95
23 52 87 4
68 30 39 98
51 42 68 92 3 70 57 6 27 25 8 93 31 78 90 36 66 75 56 86 22 94 14 9 72 62
83 18 33 25 1 58 68 20 13 85 74 69 82 14
57 8 35 48 83 50 1 91 19 95 47 37 93 16 42 68 74 99 69 84 63 59 79 80 27 3 26 40 98 60
35 71 63 79 19 66 52 24 33 17 13 31 57 34 58 12 60 62 78
100 44 16 68 34 19 71 8 25 18 45 38 75 80 59 23 69 42 91 28 26 31 33 13 62 37 7 27 22 49
63 48 75 49 35 25 36 55 76 18 34 82 70 31 62 80 54 10
94 65 42 33 61 34 84 27 31 26
66 18 69 7 50 97 22 92 79 34 4 33
64 69 63 80 36 7 81 86 48 8 35 57
15 91 63 40 72 57 55 76 34 43 70 13 2 81 32 56 83 28 5 42
86 98 26 39 35 6 34 88 24 69 62 23 52 47 10 57 38 14 97
93 20 91 11 84 6 44 12 4 42 31 8 61 60 18 1 83 16 76
31 55 79 81 64 11 95 9 33 74 57 27 36 80 6 86 58 10 82 48 98 93 4 63
65 71 39 96 75 48 81 76 60 88 45
73 78 95 1 68 96 5 12 70 40 9 63 81 36 42 87 100 48
38 75 79 22 7 54 59 70 29 52 95 6 26 88 60 24 3 37 92 34 13 5 23 61 16 28 94 63 99 98
52 94 3 22 53 30 95 75 59 10 18 63 40 81 26 96 74 21 42 76 77
18 68 56 44 2 61 13 42 8 29 31 38 71 3 88 84 86 30 46
41 90 19 10
13 63 85 93 33 81 31 22 78
92 54 91 89 44 23 88 53 17 32
8 68 60 48 75 21 85 22 13 20 36 39 96 41 12 28 97 62 53 70
50 1 52 38 17 80 93 45 43 28 39 73 49 40 47 41 44
72 50 15 43 2 37 87 53
54 31 37 41 19 18 47 97 93 70 27 98 23 55 51 12 33 96 80 69 53 100
45 18 75 59 20 28 8
49 5 23 98 31 14 22 54 62 37 52 45 18 34
30 97 23 10 24 83 8 26 100 53 98 18 47 84 64 67 33 19 56 21 63 59 65 92 15 93 62 32 16 68
34 43 89 51 92 23 90 91 32 31 26 95 64 25 68 77 45 67 35 21 12 100 80 10 46
58 7 89 85 82 92 96 43 57 63 30 19 44 10 72 48 55 37 25
21 6 69 24 43 1 18 48 79 49 9 58 67 36 62 77 73 7 61 91 85 76 23 3 82 78
71 25 15 77 94 19 97 83 79 99 38 91 23 66 92 39 45 87 6
10
36 12 8 82 34 72 67 28 42 11 19 71
40 57 23 32 11 38 53 52 36 72 20 86 83 94 99 48 7 95 19 34 66 71 55 31 44
9 64
41 59 51 83 77 49
24 57 26 21 7 25 55 2 86 89 82 99 66 20 39 4 60 98
57 23 80 66 83
73 39 38 52 19 29 32 28 41 65 58 89 60 80 4 31 47 26 2 72 56 77 81 37 100
57 14 28 23 68 58 52 73 97 74 61 1 31 41 62 79 80 75 55 39 67 21 56 54 99 69 53
83 16 31 90 38 18 42 62 82 25 97 15 28 29 22 79 66
40 32 11 25 96
46 89 79 65 4 44 93 28 35 55 47 33 19 23 52 39 98 8 36 84 78 76 75 86 2 45 85 68
36 11 79 6 17 21 49 44 72 64 45 65 98 3 31 39 87 70 85 92 89 88 78 97 7 47 19 20
91 60 42 74 97 67 43 78 68 33 9 66 17 40 92 25 49 44 82 87 4 53 24 12 5 79
20 8 24 38 33 51 98 43 11 9 91 72 52 63 1 23 76 69 44 100 79 96 22 18 41
77 8 49 85 9 48 88 82 36 66 50 5 11 54 12 81
30 10
68 86 50 4 22 94 55 83 40 48 76 7 84 91 99 30 11 88 35 1 82 70 85 36 58 78 57 61 79 60
49 54 97 87 23 48 85 93 61 58 29 13 64 42 44 72
59 44 36
20
91 32 37 73 2 36 83
24 75 32 92 46 70 41 17 15 14 6 60
42 8 100 94 86 68 4 72 24 16 11 89 85 44 31 3 47 95 19 48 10 79 71 64 81
2 59 29 24 22 64 21 95 69 37 87 75 73 88 76 45 27 23 77 51 30 50 72 48
86 2 92 51 17 13 93 31 63 100
8 72
3 75 53 35 8 38 98 67 28 100 60 20 91 31 51 46 13 71 16 62 64 69 86 50 4 89
25 48 15 75 58 56 16 85 73 68 60 71 41 72 13 89 54 6 38 57 87 70 17 67 24 33 47 3
85 35 7 9 71 82 22 55 78 77 96 47 54 58 39 40
38 79 58 10 13
74 23 89 41 21 10 76 92 30 86 39 63 45 48 95 6 44 7 13 28 5
5 8 45 37 77 68 100 59 41 98 10 88 16 38
87 84 18 52 15 11 68 4 95 78 85 59 29 64 90 53 86 31 66 49 71 73
79 78 99
24 75 96 89
51 73 18 61 50 5 38 27 75 44 83 65 13 98
48 11 89 33 24 6 84 36 51 63 40 74 23 54 35 32 25 30 26
85 61 59 71 20 11 45 1 90 52 26
43 61 100 5 70
78 82 89 6 68 99 47 19 49 61 50 29 2 11 9 67 96 24 73 23 90
43 68 67 38 84 57 20 85 87 4 86 16 76 39 11 41 58 66 93 23 48 75 72 95 7 77 94
47 5 80 100 44 34 33 28 23 82 81 75
38 3 48 88 17 97 53 13 16 41 54 19 89 80 55 71 59 44 68
3 41 8 29 27 6
86 42 19 15 56 5 28 26 99 9 87 61
54 7 49 19 33 67 81 93 92 34 3 83 98 61 27 94 28 46
15 61 52 1 89 44 40 53 92 96 25 11 93 41 66 2
77 23 34 58 85 62 8 75 28 96 31 55 46 67 35 26 61 73 53 11 79 84 33 22
44 1 67 69 58 7 26 30 86 81 9 72 98 39 97 93 79
47 90 51 100 45 25 33 93 80 94 36 54 1 11 5 4 72 59 21 99
52 28 38 61 2 47 86 25 67 54 24 60
42 1 69 100 73 11 67 53 80 90
69 68 38 10 15 21 65 42 6 28 7 32 71
85 86 92 44 74 98
73 31
27 82 31 11 94 25
51 78 19
53 71 83 45 42 63 32 72 8 61 98 4 66 43 90 84 15 78 46 30
86 55 5 64 29 58 54 49 32 15 57 18 67 71 42 24 23 30 4 90 8 60 100 69 44 88 92 52 81 87
38 76 11 18 52 75 35 81 20 13 80 23 31 48 29 69 71 86 26 63 10 41 96 36 95
10 22 84 19 50 42 41 17 26 98 76 16 73 7 4 33
86 1 50 41 95 82 90 10 37 31 19 85 44 54 60 91
72 45 59 100 99 24 73 50 75 46 57
31 81 34 66 19 41 7 53 85 3 16 96 45 25
41 67 73 23 89 4 40 5 84 58 15 3 2 68 71 47 75 95 44 10 55 99 64 48
21 58 95 9 19 56 90 50 76 27 2 12 44 46 6 87 99
16 96 67 14 4 37 35 53 24 82
68 81 78 6 91 85 64 97 87 72 67 59 4 33 60 82 99 80 76 8 30 38
66 8 75 46 43 63 88 72 2 15 6
52 81 26 97 94 72 44 71 9 93 84 82 64 39 59 78 62 85
46
78 25 95 98 44 29 22 60 55 81 84 9 66 82 69 59 65 96 45 34 26 75 38 77 28
83 10 95 37 28 11 81 67 35 84 48
31 33 10 2 37 34 25 16 82 53 32 52 39 86 94 29 95 80 48 91 81 5 17 9 72 68 58
13 17 37 69
50 41 38 26 8
44
37 72 93 25 86 58 88 9 36 43 73 6 17 60 45 5 66 10 71 91 51 64 50 19
9 3 36 49 17 68 34 53 86 47 89 97 61 29 63 85 6
18 43 60 45 83 26 6 88 35 38 75 80 53 9 55 92 1 15 17 19 96 5 94 23 93 61 21 77 52
81 16 26 57 66 78 53 41 88 87 33 18 60 2
18 87 84 32 76 11 91 55 75 2 36
32 75 23 15 93 37 55 65 76 88 22 85 8 84 21 72 1 61 11 57 13 74
38 37
38 31 69 25 58 49 9 33 37 36 75 66 95 47 29 17 40 6 39 23 62 30 27 12
75 93 24 21 98 72 2 4 48 44 70 58 90 8 5 78
60 96 84 39 54 76 59 41 5 2 27 46 42 85 22 45 35 43 3 7 12 92 71 34 52
93 12 24 19 64 50 48 91 46 85 59 26 78 7 71 40 88 53 55 96 87 77 94 29 97
4 61 27 9 24 13 48 85
74 10 44 8
82 78 81 61 38 17 10
71 80 20 28 49 99 9 37 4 18 41 57 82 76 26 58 32 25 29 70 19 30 1 81 87 65 92 36 12
23 65 42 1 34 77 81 12 21 48 26 43 66 3 86 31 79 10
10 74 65 61 89 95 45 67 90 48 54 79 87 43 51 20 60 34
93 89 14 99 56 71 86 54 5 64 65 22 44
20 88 14 73 6 33 49 18 81 38 78 72 21 9 4 80 75 99 32 30 8 95 92 60 5
79 78 9 37 58 32 52 39 21 2 34 88 7 81 30
63 27 71 91 7 4 13 67 40 56 95 28 64
21 38 96 62 45 89 70 13 87 7 79 1 91 43 58 18 98 54 14 75 42 22 52 61
41 57 59 82 92 37 52 42
28 65 7 73 17 36 91 56 48 60 14
72 65 25 2 82 17 87 88 80 89 42 55 98 39 34 7 68 9
74 46 60 17 54 1 64 93 53 71 48 79
9 62 37 88 49 56 72 86 39 66
63 26 33 62 46
41 79 17 18 57 80 20 60 59 19 65
10 97 63 54 48 6 93 42 62 33 51 52 53 72 29 35 27 3 91 8
84 33 13 59 2 42 39 92
10 5 8 89 70 26 77 36 22 16 17 90 59 28 31 96 69 1
76 13 80 67 83 41 33 61 59 86 74 93 48 91 78 35 49 29 89 32 25 28 100 51 98 34 90 46 82 26
51 33 53 60 46 35 67 95 98 87 70 89 68 78 56 82 62 77 99 23 31 75 6 12 4 32 74 13
98 41 40 43 10 42 12 57 54 77 19 81 33 31
3 52 17 2 94 86 9 38 37 41 33 5 44 59 6 91 54 14 87 29 70 61 34
76 15 21 10
95 61 56 97 13 25 50 85 32 90 55 17 12 18 34 58 99 30 59 5 92 100 78 22 69 23 9 79
37 24 85 15 23 35 29 42 87 96 76 86 10 31 88 18 45 27 58 79 72 52 78
12 77 4 41 28 76 79 29
27 43 58 87 63 90 72 85 79 23 36 62 30 13 55 99 89 51 26 6 10 25 78 67 34 70
20 2 28 76 6
32 18 82 91 4
48 46 23 68 12 50 91 11 58 13 30 4 97 2
67 38 17 94 45 72 16 55 27 21 15 58
32 26 24 16 56 87 82 50 39 12 68 35 81 49 52 21 84 85 4 59 76 38 41 45 58
29 57 2 23 65 94 82 50 47 14 71 42 16 33 49 27 74 54 17 59 52 10
99 16 72 31 44 38 89 70 46 98 81 47 50 90 15 7 21 11 33 51 68 94 58 71 87 14 26 92 34
3 25 42 85 78 65 21 31 83 16 55 43 33 48 28 66 94 99 71 96 68 47 60 58 4
82 84 92 65 9 81 76 55 44 23 39 30 86 87 61 98 12 16 1 13 59 54 100 41
91 19 86 66 27
66 95 52 71 67 83 30 89 53 21 11 64 100
22 77 54 4 32 61 17 85 82 14 41 55 60 16 78 21 71 8 95 9 48 91 92 94
75 1 44 100 61 3 26 8 64 80 13 51 18 48 33 97 84 29 25 87
42 15 9 91 41
14 58 44 45 38 60 4 73 56 93 9 23 63 94 78
28 41 43 3 87 5 36 80 24 55 93 79 98 66 8 61 7 4 69 83 52 48 30 97 94 37 54 9
70
50
18 23
26 96 36 93 10 7 71 70 64 28 34 91 50 37 84 29 62 57 3
15 66 70 60 50 36 29 28 22 48 32 64 58 79 61 31 17 44 42 6 18 56 53 92 87 35 65 77
28 36 17 75 87 30 6 96
50 1 9 22 52 44 88 8 68 49 25 15 43 98 48 27 100 73 6 24 30 3 81 90 91 12 86
19 29 90 89 60 30 83 96 53 74 77 84 79
76 52 45 16 89 83 81 2 53 61 48 88 25 77 17 31 36 18 42 11 30 82 23
1 77 75 20 68
57 92 48 96 14 38 50 29
90 29 100 5 94
4 28 30 97 46 77 88 36 70 32 23 94 69 68 13
33 90 68 13 79 21 77 63 54 53 8 57 62 41 72 22 70 37 26 6 20 99 93 46 52 27 23
28 50 16 38 86
1 69 57 83 9 56 17 46 13 21 26 15 74 52 29 49 60
55 37 19 47 60 12 99 72 16 24 2 34 6 15 77 91 89 97 64
1 13 91 49 77 65 8 70 34 85 39 68 87 10 61 41 90 46 59 27 11 88 95 35 94 22
64 16 6 47 96 30 52 90 25 74
61 47 3 5 64 63 8 76 45 7 81 32 91 77 74 60 78 49 97 23 15 70 95
89 1 17 71 13 21 90 75 2 59 86 41 51 92 80 62 19 68 6
39 58 89 1 84 5 94 72 80 52 76 67 40 17 14 82 34 66 47 95 42 35 68 18 91 6 37 59 10
37 96 58 71 68 38 97 78 62 16 72 21 46
18 83 15 10 4 86 58 56 20 63 34 1 100 91 59 24 95 30
15 85 14 18 82 11 63 56 91 71 86 2 23 79 93 32 44 80 45 84
57 5 88 17 39 95 3 75 96 60 94 45 2 47 10
71 64 30 35 56 90 63 19 60 82 33 15 50 23 73 49 4 67 98 25 1 13 21 72 80 74 79 70
99 89 77 100 26 32 12 20 19 44 8 29 1 71 30 79
34 6 41 68 28
17 77 7 43 73 91 65 9 85 74 36 44 96 100 75 38 52
19 14 99 38 63 59 34 33 47 80 90 57 53 87 89 75 6 81 66 96 48 82 78 86 58 44 31
65 24 58 20 22 12 29 33 60 63 3 94 64 81 77 69 62 25 98
67 47 17 28 11 92 95 8 16 61 74 3 15 98 83 79 65 24
61 53 11 19 55 8 62 79 23 26 45 69 84 85 98 4 35 36 13 37 40
24 86 22 51 20 84 16 89
22 67 90 86 14 50 94 96 83 55 97 32 63 99 54 23 2 88 10
18 55 21 9 79
63 100
64 96 6 63 48 69 43 18 32 45 38 22 98 93 79
22 2 34 76 40 68 65 94 79 24 3 67 71 23 69 73 81 31 8 88 41 36 11 82 59 55 75 86 53
47 42 66 28 46
98 92 38 62 67 70 60 74 85 1 90 83 48
81 46 21 37 13 10 58 26 27 44 12
97 83 36 27 49 12 82 48 78 25 21 59 6 88 47 17 63 65 3
42 57 51 89 67 83 88
75 25 7 91 21 66
68 78 25 5 1 47 38 35 86 39 89 77 19 58 18 61 71 94 11 31 96 27 24 10 54 76
13 11 21
11 64 9 18 30 72 99 82 65 23 48 8
34 90 60 14 95 89 28 49 1 70 93 84
75 29 8 7
12 68 71 23 29 7 13 87 4 61 49 56 62 18 19 78 64
81 86 63 37 3 94 13 31 100 1 4 77 66 29
83 30 2 100 99
68 50 35 41
92 15 90 6 97 82 50 21 95 71 78 66 41 76 52 9 80 70 10 35 47 100 94 91 74 51 65 58
2 16 34 7 49 21 79 1 32 46 5 8 19 81 93 68 3
28 42 23 89 41 21 5 54 59 78 18 67 84 4 49 48 86 17 10 50 38 73 8 90 3 85
45 54 21 90 7 59 39 52 60 99 14 85 50 15 49 58 74 10 75 9 70 73 95 79 30 77 12 97 53
78 75 56 92 86 9 90 33 60 40 65 32 89 29 17 69 95 11 19 12
98 30 96 53 17 92 67 62 15 75 14 80 100 56 90 4 58 9 5
68 24 44 67 37 46 40 3 32 81 36 60 41 19 61 89 78 18 42 72 82 29 34 58 65 13 25 31
15 4 64 62 9 10 58 35 94 69 61 96 51 99 60 80 8 90 41 93 100 23 70 59
80 9 89 4 53 51 29 57 2 15 94 49 92 31 37 100
98 93 32 70 61 12 75 62 57 72 37 71 67 10 79 83 89 99 100 18 58 27 48 26
11 34 75 42 9 89 61 97 37 25 94 80 3 68 77 31 27 41 70 60 20 46 65 85 88 8 67 62
13 8 34
30 72 7 18 96 77 87 48 62 15 97 70 58 80 57 42 24 3 56 52 29 67 60 89 47 27 91 32
86 59 27 65 60 95 20 88
83 84 48 92 47 73 57 2
93 97 78 83 33 6
24 27 10 58 37 66 38 95 46 54 31 61 73 57 85 25 90 6 3 1 52 86 48 77 56 35 5 87 30
33 20 45 40 86 27 98 52 70 97 6 62 55 93
40 30 13 15 12 46 4 19 61 54 59 39 11 57 26
46 11 50 8 83 32 2 17 52 23 97 10 25 89 26
100 35 83 47 67 91 39 31 1 26 15
98
9
88 73 97 31 37 30 99 78 20
97 12 42 15 46 82 35
25 91 15 53 23 30 93 49 86 18 6 97 32 34
81 13 10 33 39 70 9 1 5 67 92 73 90 45 43 23 26 40 49 15 94 84 56 17 63 74 78 80 24
91 52 40 54 24 47 64 48 34 37 53 83 76 1 16 69 87 98 89 35 9 63 73 42 10 11 20 6 65
3 87 93 98 88 14 61 36 63 47 70 18 37 6 68 45 96 17 43 94 35 95 73
2 81 47 35
72 85 90 55 12 4 91 6 70 31 84 58 48 10 29 54 94 98 100 66 17 74 81
3 5 68 6 51 16 53 7
6 61 22 26 66 96 30 28 45 12 46 37 68 91 100 67 13 33 64 82 74 72 38 85 21 43
86
23 81 58 19 80 53 21 6 94 88 29 76 45 56 69 9 22 26 30 1 36 35 70 46 59 7 51 5
23 10 3 99 24 72 35 18 17 68 6 46 76 51 84 59 32 34 87 54 21 13 95 39 25 85 11 65 40 52
52 50 45 80 67 2 30 69 46 93 82 32 81 78 37 18 7 60 88 66 13 55 85 53 49 34 36 98 41 17
83 69 24 53 46 34 15 40 38 43 63 18 17 52 10 32 100 47 80 55 26 92 42 14 81 59 72 4
3 18 96 69 74 38 64 20 11 37 95 16 99 14 33 70 90 50 2 67 28 85 87 32 58
50 97 31 6
31 32 98 20 91 68 82 13 86 69 12 40
65 8 92 7 73 30 74 19 69 32
3 34 72 86 36 89 8 7 79 93 6 95 67 68 69 27 26 55 97 94 50 47 42 70 76 78 88 58 91 46
38 99 7 77 67 27 94 87 88 85 81 48 76 90 2 30 10 33 75 52 23 62 70 60 74 8 9 53 19
40 27 94 12 13 14 42 9 37 24 99 18 4 32 2 11 5 10 54 82 56 48 93 38 44
18 13 42 50 96 7 29 57 53 71 70 73 23 80 40 30 35 87 97 79 37 84 68 31 20 14
22 71 65 26 63 62 4 11 77 48 21 52 24 18 38 8 13 56 78 31 14 53 28 92 25 57 1 39 59
50 92 9 73 83 10 45 34 42 17 93 47 8 44 65 56 22 77 31 25 35 91 71
53 8 56 20 31 54 74 63 69 93 90 55 84 37 5 50 25 46 6 9 22 59 32 38 76
18 93 32 51 14 88 95
38 73 25 29 39 69 92
4 95 64 55 88 23
30 3 58 93 97 98 17 32 33 66 89 83 71 22 7 86 90
90 61 84 33 46 99 58 2 69
36 62 61 29 21 42 44 28 23 14 50
71 4 96 43 59 57 72 38 94 76 84 75 27
1 79 23 9 51 83 16 58 6 15
34 84 47 77 11 68 74 85 91 45 99 69 36 46 39 43 16 29 60 20 58 14 94 88 19 52
70 74 88 5 11 76 95 27 48 81 50 79 38 49 39 43 20 42 9 100 91 93 84 19 78 24 28 44 36 90
37 68 78 97 72
60 55 4
99 77 14 60 26 38 10 1 23 2 59 66 9 83 33 62 5 11 53 75 73 35 48 30 98 40 15 24 17
99 82 26 53 91 12
59 70
13 12 99 37 66 42 91 89 11 85 47 19 28 16 70 83
10
58 97 57 20 15 68 48 39 34 61 19 69 46 82 22 8 10 9 38 24 86 89 72
20 39 41 58 65 43 59 94 17 38 97 37 9 18 87 28 7 29 51 2 25 82 75 81 61 74 47 21
75 88 40 5 9 82 66 4 46 56 14 76 55 54 37 22 79 43 30 70 31 68 61 45 16 71 25 36 89 8
54 7 82 90 99 24 84 29 76 52 68 35 49 57 66 41 67 4 87 21 20 62 38 11 5 23
84 19 81
66
84 2 29 32 82 7 59 6 25 8 26 60 67 73 49 4 64 75 40 35 99 92 55 61 71
28 7 63 49 96 40 68 21 18 27 50 4 26 64
60 78 8 42 47 54 65 19 17 23 74 22 39 2 50 1 95 89 100 62 76 55 14 33 67
91 65 36 63 14 95 1 15 12 69 10 57 35 40 41 81 74 56 86 9 58 73
14 58 80 51 21 93 73 96
66 35 6 43 77 52 55 32 75 76 29
78 47 4 86 17 89 11
3 49 17 40 20
88
66 50 2 73 83 5
47 70 16 89 8 41
63 13 5 11 79 35 33 40 53 56 42 25 46 98 100 4 49 70 51 55 47 87 64 67 41 60 26 29 12 9
25 15 89 48
96 48 42 97 11 55 73 14 65 63 25 13 33 36 18 35 1 16 79 52 44 50 46 98 91 81 64
76 26 79 33 81 62 2 16 31 61 46 59 87 20 75 29 95 65 27 83 28 3 50 35 8 91 5 63
60 63 40 94 95 57 81 6 72 67 92 43 14 83
78 32 47 2 62 67 20 9 81
41 57 52 33 28 62 70 73 53 71 29 99 81 83 80 58 65 27 16 56 4 91 38
35 95 45 20 19 69 86 23
57 58
47 71 15 88 91 36 21
67 55 96 36 65 11
56 86 62 40 61 48 25 39 57 10 94 31 36 78 100 16 9 29 3 1 43 6 80 24 21 66
22 34 60 87 96 63 83 27 40 56 44 64 4 59 14 11 12 57 18 48 28 94 73 77 6 52 20 29
62 51 91 46 57 5 96 72 18 50 48 14 42 55 54 75 17
59 47 4 65 62 26 17 28 19 73 33 16 45 98 97 32
95 46 79
60 59 70
31 25 40 81 36 97 11 62 18 37 35 9 68 72 2
34 100 9 85 50 35 68 13 82 27 52 11 16 23 31 92 36 65 19 46 33 28 59 89 5 67
71 35 13 72 65 88 90 30 31 62 47 68 18 16 23 41 81 40 12 67 25 97 89
32 98 6 35 61 10 79 17
70 95 79 78 91 86 12 69 46 3 84 6 8 37
21 97 78 100 95 82 96 61 46 53 42 7 79 11 67 43 34 33 37 9 62 18 1 77
30 70 15 14 80 57
42 17 35 40 25 34 12 70 49 82 41 30 52 5 26 62 6 36 67 1 63 77 71 50
60 58
21 17 92 47
64 56 53 55 7 49 60 74 100 62 90 99 15 92 18
43 11 52 61 5 99 32 95 86 12 79 92 30 50 45 100 21 74 15 98 59 58 8
56 19 55 64 79 44 38 93 90 92 59 75 45 27 3 32 54 26 85 86 63 81 60 99 1 70 69
30 94 63 11 21 43 14 91 27 48 16 82 96 99 78 40 52 34
59 47 7
35 100 8 13 16 7 41 37
79 57 64 82 43 19 93 24 21 38 22 97 18 4 26 94 23 48 83 92 54 39 53 10 29 71
74 72 64 23 79 75 85 61 43 21 47 28
61 7 47 20 19 97 21 35 91 72 34 74 52 96 25 37 32 40 83 6
16 27 37 96 38 30 63 74 26 42 24 66 32 11 69 52 41 2 58 40 25
63 29 65 86 4 30 83 54 19 82 99 28 90 68 27 13 53 85 92 96 34 21 76 78
30 4 75 56 2 42 31 23 28 82 57 48 3
3 96 95 66 6 13 54 63 91 89 19 9 99 100 85 29 8 68 44 62 69 26 56
75 90 33 87 96 35 39 1 49 63 71 48 25 62 40 58 84 94 83
46 14 49 47 92 58 30 26 64 68 44 76
71 62 83 13 93 60 73 46 25 48 45 70 58 84 82
37 12 90 95 50 14 25 1 85 77 71 46 17 88 78 60 34 40 48 57 19 27 61 26
67 54 9 69 18 75 20 61 56 70 100 28 85 2 42 74 8 59 30 44 98 97 23 47 39 34 99 50
68 70 65 98 13 54 81 55 60 27 39 5 61 92 78 42 43 28 32
51 52 73 18 42 47 46 91 85 10 24 62 67
48 90 69 53 4 26 45 99
48 96 92 19 64 55 100 52 60 15 6
41 70 80 85 71 44 27 75 57 43 21 50 39 31 73 60 8 92 78 61
35
22 96 8 24 29 5 36 68 43 12 58 42
82 99 33 61 22 98
32 89 3 46 9 72 75 17 25 95 82 30 96 1 23 78 60 67
19 61 12 72 41 98 64 33 54 100 15 8 34 14 9 56 74 95 23 87 40 93 4
84 11 48 7
49 80 22 12 83 60 85 41 34 76
73 77 74 18 81 42 78 87 59 90 26 76 27 62 33 36 97 69
5 9 36 30 57 32 31 43 81 64 53 18 66 56 37 8 50 92 82 38 2 99 76 78 1 28 58
36 17 34 69 49 82 80 83 35 18 73
96 15 44 99 28 73 23 58 46 26 37 87 80 71 12 97 64 53 90 60 69 4
70 65 42 12 59 47 89 30 44 73 3 26 72 29 40 7 66 2 71 100 18 91 83
80 90 63 64 84 12 20 93 26 77 45 72 39 42 54 34 15
2 72 46 36 66 65 24 57 12 63 83
62 73 13 95
21 9 62 88 91 12 63 95 48 71 31 43 30 44 23 51 4 94 49 10 97 53 20 17 7
72 52 46 42 12 65 69 82 44 7 35 89 85 23 2 11 57 74 51 9 71 88 39 67 62 66 75 48 68 33
64 27 51 4 77 75 15 1 43 58 95 33 49 45 50 93 24 81 66 36
58 19 41 42 84 31 25 90 56 43 63 55 50 100 99 26 24 29
17 42 49 91 82 25 70 43 7 100 72 77 2 68 96 30 81 74 54 11 98
59 27 1 8
19 83 16 86 79 1 38 12 22 54 73 69 14 37 8 5 87 44 24 77 31 48
2
43 89 28 69 90 68 67
83 32 66 85 96 67 61 70 73 63 45 81 18 29 17 26 36 72 65 41 71 60
38 89 90 48 94 45 39 20 85 68 32 2 80 41 71 72 66 74 82 81 60 40 52 78 6 70 73 65 28
15 16 2
7 37 67 22 43 39 38 94 57 81 15 82 30 3 92 33 25
2 75 14 48 60 86 26 87 40 35 72 70 50 9 32
30 4 54 43 86 99 26 19 38 100 56 73 31 29 6 41 82 42 47 71 48 67
10 43 78 24 37 20 74 47 67 77 11 72 13 25 63
90 2 74 58 23 68 28
29 80 46 10 15 20 36 37 58 74 99
48 13 32 10 89 36 85 57 70 25 53 59 87 81 91 93 35
38 81 65 97 56 88 43 20 83 5 99 96 95 13 91 57 12 50 76 37 42 10 86 52
29 63 21 74 19 28 71 68 35 100 10
15 49 65 10 24 58 70 36 94 31 74 71 48 17 67 68 44 87 95 75 91 72 9 19 52
55 93 9 39 71 37 5 17 72 82 42 35 98
56 81 82 79 22 13 89
23 93 5 38 88 83 11 74 49 52 48 40 85 62 55 31 82 8 18 53 81 97 69 32 86 21 100 2 6
3 39 75 85 65 6 84 41 46 14 7 58 9 94
66 78 53 47 65 49 13 80
66 39 59 57 89
20 34 48 40 90 22 19
77 5 86 36 19 26 72 55 67 49 64 98 84 37 99 41 51 69 70 23 75 62 53 33 13 28 71 81
100 86 49 44 4 22 14 81 96 90 39 26 83
18
39 51 58 64 66 86 29 90 43 24 2 32 48 74 93 87 18 9 33 31 14
30 89 61 68 27 94 48 34 17 99 91 66 59 35 73 85 10 26 8 1 93 77 20 53 43 76 31 40
31 49 27 99
18 41 56 22 42 94 86 97 78
5 67 49 57 44 7 18 60 75
21 3 40 49 4 89 56 12 45 48 85 37 73 30 6 63 71 52 43
23 15 50 57 96 11 34 33 27 58 62 9 74 75
23 60 75 52 67 78 81 91 80 65 98 29 4 44 33 89 10 27 95 31 92
85 56 17 43 91 24 35 92 83 19 74 66 8 41 2 52
51 38 18 53 6 27
35 14 66 20 22 53 61 83 40 96 73 41 56
6 2 65 91 87 4 94 37 47 83 81 96 45 28 69 54 95
31 100 43 7 90 25 42
27 17 85 81 90 84 92 39 42 80 48
86 72 89 21 11 33 81 77 16 90 56 74 59 26 65 87 6 100 99 36 47 23 43 92
89 10 5 40 51 42 3 62 2 22 39 63 100 67 27 66 4 9 48 70 91 50 11 82 80 85
96 39 57 69 80 100 52 93 13 76 77 55 89 1 26 8 45 15 98 91 53
29 36 11 52 23 64 35 67 41 2 99 93 85 89 40 71 37 51 27 48 59
27 83 15 90 81 96 42 86 78 39
19 11 38 43 10 86 71 68 58 8 5 30 17 91 35 25 47 54 64 37 1 80 66 85 52
91 80 26
100 6 60 44 75 30 65 67 22 20 14 80 83 21 23 29 9 64 57 16 96 24 42 10 12
36 68 83 17 28 46
57 93 26 52
94 51 85 89 48 54 31 58 10 70 26 6 23 37
9 61 47 17 85 7 1 54 31 10 46 62 81 20 91 18 68 67 99 30 56 3 79 4 80
21
48 92 85 22 90 64 56 78 66 23 70 69 41 87 91 65 62 93 43 71 35 55 95 73 51 86 25 67 10
35 15 57
44 9 19 32 33 86 13 30 96 40 4 58 26 60 20 18
44 68 69 8 85 72 83 88 77
48 59 26 61 33 14 77 97 6 38 20
17 82 35 47 90 54 68 97 94 50 60 31 23 51 27 45 71 93 36 14 91
92 17 34 89 52 54 30 55 35 69 87 47 95 53 25 41 85 70 73 9 15 19 79 33 26
79 40 81 52 28 89 76
37 32 10 15 91 42 86 50 1 81 76 29 12 64 25 79 89 56 95 2 92 5 57 7 72 59
32 46 58 96 76 12 39 70 1 84 44 34 17 86
57 32 82 31 39 24 34 28 30 79
12 6 96 80 97 24 79 70 78
31 57 1 98 83 26 59 87 94 34 51 70 65 86 93 62 85 64 30 20 8 74 99
9 3 98 51 27 88 72 26 35 13 33 100 81 91 28 85 16 31 97 71 77 42 83 36 52 89
70 3 51 97 69 29 38 48 2
34
11 29 58 22 21 98 86 39 71 90 25 78 60 68 100 5 99 36 82 81 85
34 49 31 99 63
71 18 8 41 60 58 94 1
76 21
27 95
16 47 86 84 59 46 19 12 71 26 94 39
76 94 59 79 19 15
3 45 11 75 54 63 50 57 52 84 15 61 5 28
92 78 11 2 68 36 93 3 100 94
28 57 43 36 79 64 14 52 34 33 13 12 98 49 21 40 22 16 65 67 30 3 29 41 88 38 46 60
23 17 15 98 79 66 72 31 62 81 44 90 75 56 45 5 93 20 16 46 49 86 65 32 57 7 80 48
52 80 86
39 15 41 70 14 25 51 50 11 76 4 44 56 37 90 45 94
81 44 97 8 42 84 40 65 28 1 3 25 48 30 4 29 75 79 78 69 73 91
58 61 92 38 74 46 18
63
92 51 20 21 43 2 30 35 74 100 7 88 62 44 71 37 49 86 25 42 18
60 16 18
87 61 97 79 63 92 58 26 86 10 66 29 48 57 15 96 62 41 100 7
63 87 3 85 8 98 74 91 43 84 23 18 90 48 47 56 70 80 34 27 24 99
52
66 84 2 85 13 43 51 63 65 55 68 19 5 18 45 76 87 34
48 67 49
37 26 42 98
49 50 20 81 64 55 89 99 97 100
99 68 86 11 36 28 13 49 82 33 34 94 73 48 90 4 83 1 100 17 23
61 55 29 33 72 90 45 97 89 4 47 58 6 39 30 46 3 27 96 76 5 35 53 7 99
75 6 5 18 100 55 39 72 84 31 66 58 37 77 21 50 60 8 99 81 48 47 19 79 44 97 71 25 4 2
63 18 78 84 39 74 66 48 27 1 9 40 31 58 85 69 90 30 73 20 28 43 17 33 65 24 67 94
35 9 51 36 57 100 47 23 64 11 86 98 97 56
6 88 84 44 100 20 24 67 80 59 95
96 15 12 77 81 87 1 73 95 70 75 38 45 86 31 24 3 36 63 17 11 42
99 49 24 90 51 52 15 60 84 18 95
62 36 99 75 66 69 51 70 26 15 38 46 12 29 33 67 31 94 56 28 93 13 50 96 55 83 97 19 95 45
77 9 69 6 8 24 2 71 91 74 68 94 83 23 76 10 89 92 88 47 4 55 58 80 15 33 96
4 9 84 49 89 60 86 50 71 38 88
19 49
2 23 11 94 70 13 18 74 14 80 84 41 52 42 29 4 73 76 51 32 97 40 47 44 82 63 3
71 76 65 61 27 53 55 81 50 83 96 72
1 33 46 12 2 63 20 64 6 48 10 37 59 75 95 13 62 67 77 96 94
73 27 33 35 64 53 31 40 94 88 59 72 97 91 47 92 98 44 3
70 95 32 27
27 9 46 90 58 53 54 98 2 73 13 25 44
82 6 17 58 95 38 43 27
12 32 45 4 71 49 34 79 66 69 52 73 27 31 39 82 18 94 85 99 36 25 64
43 22 71 14 13 29 76 35 94 46 79 16 40 25 57 15 30 10 65
53 24 78 44 66 83 79 56 26 23 93 36 14
85 74 33 93 84 96 88 19 22 51 76 49 11 72 71 78 4 64 15 86 21 83 60 52
83 99 60 86 41 6 87 14 19 47 98 7 30 33 18 46 35 39 62 67 91 24
79 54 95 41 21 27 83 3 90 56 15 78 63 62 46 8 2 32 58 52 12 34 49 44 6 53 30 59 92
32 23 86 34 77 19 85 13 28 50 30 80 57 35 89 94 24 39 51 96
19 87 100 76 50 58 36 17 26 16 49
7 17 90 53
75 28 17 96 95 23 37 48 57 38 51
70 74 25 69 4 13 43 65
79 68 1 78 66 52 85
92 75 82 24 97 84 34 41 18 58 35 45 66 23 7 69 33 10
47 37 100 83 88 81 25 74 14 65 35 73 61 18 49 53 75 32 94 23 67 13 41 87 95 33 76 20 55 52
56 14
61 95 77 51 94 33 62 20 79 76 28 97 99 27
96 80 48 53 62 21 19 49 51 7 24 16 67 44 50 58 15 31 2 37 84 27 41 60 69 52 83 36
56 44 39 96 3 76 1 99 74 70 91 60 55 90 79 21 98 12 22 58 4
53 100 4 52 11 66 1 71 47 38
97 26 46 43 16
78 81
19 60 27 95 15 79 99 4 33 46 26
54 98 97 74 86 31 17 90 10 59 53 9 68 30 95 13 2 71 39 1 35 33 32 18 5 79 6 89 25
55 24 86 49 29 67 83
18 39 5 3 67 76 69 19 93 85 98 13 59 24 70 86 95
61 27 92 36 82 52 65 35 16 19 95 67 30 75 48 37 74 41 93 62 4 31 81 9 71 94 63
48 35 71 15 38 95 69 82 96 89 59 49 23 74 77 63 66 27 97 64 81 22 51 88
23 21 12 9 13 31 44 76 74 10 40 30 16 26 20 62 45 73 36 75 34 84
8 50 36 71
93 66 77 42 68 20 69 13 91 7
55 71 67 100 52 62 79 33 51 28 44 40 97 24 99 49 25 89 13 1 41 60 68 54 32 78 75 53
47
5 32 41 14 87 69 100 25 15 93 77 1 50 66 49 48 12 29 46 2 70 33 22 47 85 75 9 74
54 61 29 55 49 64 18 71 20 94 14 100 41 34 65 39 84 93 44 24 89
44 79 2 9 51 50 89 11 6 86 19 66 93 27 87 70 62 94 21 34 67 15 63 29 95 10
29 10
88 50 61 80 47 38 6 89 100 90 68 48 11 62 2 46 83 31 41 65
2 82 21 45 40 67 86 18 78 55 51 15 22 30 94 91 34 72 96 32 4 56
2 69 99 97 30 75 31 46 77 8 66 16 15 72 51 40 49 33 90 32 44 56 26 81 6 4 80 61 54
94 61 45 47 29 14 27 23 68 8 100 6 28 48 9 53 95 40 86 39 54 3 74 44
2 82 96 23
25 89 73 14 29 22 70 24 15 12 83 60 42 91 74 10 40 9 16 61 44 27 56 18 63 94
43 100 92 81 55 71 31 96 40 97 25 79 67 62 77 34 5 75 42 16 39 51 7 44 85 27 76
47 88 77 17 29 23 100
57 29 63 69 20 11 74 87 77 14 48 84 2 98 24
22 32 55 35 74 75 66 61 56 2 70 69 68 67 84 54 72 1 26 90 71 14 52 95 3 18 45
25 59 29 17 12 92 30 13 20 67 85 88 83 64 72 37 91 75
36 66 64 17 59 70 23 34 68 73 11 98 2 52 14 4 48 81 83 60 87 5 28 25 79 56 47 88
13 100 68 93 60 80 48 22 84 98 75 91 27 30 94 66 47 72 97 50 62 44 5 92 54 90 67 77 88 65
11
89 58 86 51 94 80 44 5 75 35 15 70 26 6 72 41 74 36 60 12 29 90 85 33 93 3 77
78 14 24 77 87 20 6 98 40 48 97
20 29 11 34 5 53
24 36 72 45 69 94 18 66 21 76 78 51
75 43 72 12 62 70 99 15 71 52 33 56 25 3 26 6 83 78 48 39 100 17 55 16 95 32 61
56 17 57 44 90
65 27
4 43 69 11 37 88 90 26 96 73 91 93 16 67 38 7 56 99 15 10
67 3 6 70 100 55 56 34 82 42 91 10 28 23 84 54 38 5 88 62 94 31 25 97 64 96 95 75 21
31 27 19 93 95 14 60 49 48 63 91 69 66 67 86 23 55 6 24 100 39 82 98 13 28 97 40 42 96
78
8 69 73 13 98 3 64 59 84 9 63 16 82 6 43 54 100 37 14 91 86 80 29 20
35 59 79 36 7 55 15 20 39 43 86 50 14 72
10 11 62 63 75 13 27
8 50 22 28 40 95 88 75 91 12 53 94 90
8 33 12 69 11 68 48 58 60 18 80 81 17 88 96 7 10 63 71 57 72 93 44 77 66 82
63 41 86 38 21 14 35 29 50 54 82 52 56 31 32 48 76 17 69 57 60 78 42 58 70 28 83 87 94 9
22 97 26 53 65 12 35 31 40 54 41 5 16
77 55 18 54 10 97 25 33 13 20 42 98 15 96 21 59 60 4 47 46 94
88 26 57 36 71
10 20 72 68 84 31 63 3 17 71 26 22 54 48 23
89 44 31 19 23 69 5 18 28 41 64 92 22 36 39 50 61 1 20 7 74 37 42 68 100 93 58 2 11 43
16 12 77 84 68 64 49 87 43 9 17 15 100 70 34 24 41 66 88 29 53 8 33 28 21 76 27 35 42 75
72 6 56 79 65 86 24 37 21 95 5 98 77 15 94 31 13 22 100 26 35 90 51 20 73 97 1 71
99 33 39 91 8 5 37 24 28 59 57 29 34 4 92 95 72 90 66 69 64 30 2 75 71 9 97 100
74
58 15 48 40 33 97 38 27 53 19 79 91 45 7 67 30 8 17 49 24 93 44 78 4 11 63
74 80 25 95 98 35 26 76 23 77 42 24 85 71 19 86 3 2 29 91 51 79
58 72 13 74 26 76 4 17 47 33 94 21 52 95 36 80 64 73 78 46 39 77 42 65
70 85 24 65 64 56 37 53 17 28 68 7 33 97 98 29 96 11 23 44 31 51 66
29 49 17 79 98 34 51 9 33 46 65 92 90 97 85 68 3 36 59 66 69 83
78 61 37 12 59 87 32 72 25 57
61 96 47 7 65 12 91 93 84 13 41 2 60 49 17 92 36 23 3 89 99 59 45 51 62
66 26 92 70 5 23 14 82 90 83 59 4 91 94 72 77 53 97 76 61 88 24 39 41
72 26 71 22 70 13 4 16 45 64 20
84 24 26 36 67 92 88 43 100 17 23 8
56 76 43 51 80 46 10 99 55 26 58 40 49 25 77 86
71 60 97 73 8 67 23 62 2 83 75 7 79 92 77 54 89 76 38 84 63 72 27
49 28 82 64 95 78 44 92 34 89 60 79 18 12 88 42 69 56
99 54 6 47 71 94 43 29 31 4 36 23 52 80 8 18 11 25 53 24 10 1 69 21 40 49 76
12 80 41 61
45 59 31 46 3 14 37 1 4 36 94 72 91 42 68 39 77 47 66 78 53
73 45 17 65 91 34 81 7 18 88 19 24 37 1 14 59 22 35 32 20 12 92 28 15
13 81 51 1 88 83 87 76 73 70 57 49 34 77 85 24 53 30 86 52 59 29 90 12 5 65 38 44 21 8
12 38 76 20 48 25 85 43 64 58 46 47 28 89 45 41 60 93 66 70 62 82 30 90 44 55
50 90 23 74 85 8 30 77 5 68 57 31 26 9 55 92 34 16 65 15 48 10 17 59 7 19 2 75
66 43 23 40 3 99 18 72 25 69 93 82 100 70 28 98
10 9 57 22 29 50 33 82 35 87 5 30 20 6 98 66 15 52 69
67 27 6 22 61 77 82 56 21 53 92 37 28 72 98 25 20 31 74 46 1 39 36 62 83 13
4 35
38 5 74 24 97 54 27 34 42 87 26 57 48 18 47 58 7 29 55
24 8 91 97 15 14 32 43 89 100 78 46 95 98 93 20 61 9 82 5 85 83 22 30 48 56 60
81 41 21 35 63 92 1 5 50 39 65 3 44 79 62 99 94 58 31 23 4 88 22
6 82 34 55 25 8 33 68 89 48 65 77 5 66 13 45 23 37 53 29 18 26 97 85 41
35 55 83 69 94 51 2 82 32 8 54 28 57 100 12 21 9 18 22
74 60 49 92 72 53 66 76 10 81 100 98 12 96 57 23 54 61 90
79 68 96 4 48
54 98 51 6 4 19 92 45 42 66 67 2 72 29 57 39 100 91 36 17 71 94 35
14 79 11
61 4 13 68 17 34 31 18 3 82 80 52 35 77 37 92 14 19 85 8 12 69 5 21 74 6 16 50
84 21 18 43 61 81 37 40 52 64 50 93 79 99 7 28 38 54 6 32 57 71 31 69 60 100 87 16 4
16 87 91 57 97 78 61 11 49 83 59 8 42 13 54 6
80 18 72 90 28 39 59 61 46 14 37
52 28 90 16 20 46 37 17 64 60 68 92 43 57 8 2 70 58
92 21 90 29 27 8 4 71 55 40 1 26 19 20 73 96 13 98 28 97 56 83 33 38 47 89
51 57 43 61 64 46 100 99 97 98 21 18 76 15 38 45 13 26 29 95 88 34 17 10 90 24 79
59 91 64 14 65 6 93
48 6 36 2 46 11 9 57 64 78 25 43
81 58 18 51 8 25 100 2 99
82 8 84 23 98 91 94 11 16 26 4 70 56 97
96 99 15 17 51 97 19 98 64 80 8 12 72 67 30 65 53
100 81 24 62 84
26 95
10 97 25 28 3 60 33 30
54 52 44 100 87 40 79 71 41
84 43 17 79 91 37 88 73 89 14 4 66 21
5 75 33 38 4 94 22 98 74 47 25 50
69 45 40 59 70 23 9 99 48 20 93 52
41 62 82 13 37 89 91
97 56 3 99 49 17 28 89 15 16 39 64 66 48 11 73 60 24 37
78 88 5 1 51 44 87 89 37 12 55 73 19 67 40 27 52 86 96 72 20 36 79 81
25 7 80 21 4 54 44 77 89 99 58 26 72 67 35 8
88 66 14 43 31 26 36 18 23 3 91 97 48 59 63 70 8 56
85 42 38 18 49 32 84 90 16 96 10 62 83 59 97 26 44 23 54 75 77 9 60
8 58 48 24 17 63 89 35 97 26 100 27 78 7 93 33 20 62 87 31 54 84 10 41 21 29 30 86
76 81 32 3 19 6 15 56 62 33 40 52 17 91 68 51 47 31 2 12 9 34 70
24
93 62 85 86 100 98 83 89 9 41 74 47 76 73 97 5 48 57 11 59 46 38 55 14 49 16 20 32 87 12
39 73 1 86 38 35 45 52 22 64 4 65
20 91 81 13 96 47
15 59 2 1 33 95
60 7 3 99 2 47 18 19 29 5 55 11 88 46 53 80 23 26 82 75 4 12 10
24 40 60 94 13
71 74 22 30 85 69
22 68 33 99 12 10 90 23 64 75 25 11 70
31 19 71 10 61 43 35 97 66 22 74 88 81 40 41 46 100 38 24 79 7 63 75
3 46 88 31 43 35 56 10 53 37 22 73 20 29 5 64 70 81 25 55 48 93 17 28 18 80 78 72 54
41 5 78 75 1 52 56 8 24 58 32 54 33 84
99 50 48 29 58 61 71 70 36 88 55 21 47 72 7 24 97 85
45 14 94 100 62 84 31 87 79 98 76 75 46 30 72 74 60 63 44 8
68 51 19 92 24 62 9 79
72 12 3 44 96 9 59 49 40 34 66 21 31 77 65 37 10 15 88 41 97 86 6 28 60
5 75 22 15 55 33 59 9 7 45 37 30 40 19
25 51 60 80 11 49 53 99 16 5 95 44 46 40 91 42 13 65 17 72 90 75 54 27 94 67 18 56 89 82
42 59 64 35 95 9 24 15 17 77 37 12 91 98 18 38 6 40 29 22 84
10 78 3 32 17 83 48 61 68 86 35
16 38 18 57 31 70 97 78 48 37 6 19 75
14 84 36 10 40 82 98 83 48 8
40 61 51 31 62 38 98 13 71 46 91 2 35 22 75 65 77 72 26 9 15 54 8 16 95 63 83 21 73
39
66 62 23 13 40 36 72 41 33 31 81 45 74 59 6 27 86
26 7 65 24 83
18 53 27 25 46 56 12 85 57 78 68 38 22 64 43 47 89 73
8 92 6 75 61 52 30 28 27 29 81 64
59 70 47 58 12 49 63 37 68 72 18 39 94 76
47 87 91 3 34 74 2 82 97 30 60 36 75 95 25 59 8 38 88 29 11 5 76 85
9 40 37 64 18 84 35 48 41
14
94 93 7 32
26 6 27 19 79 89 16 100 14 90 87 97 4 30 1 77 67 98 31 13
68 11 59 85 74
25 19 68 66 30 95
7 27 81 79 66 96 97 99 46 53 47 17 28 41 62 63 29 51 3 72 58 56 44 8 2 11 23 82 80
62 81 52 71 8 31 67
54 67 95 94 77 57 19 4 84 30 37 23 68 36 52 14 1 22 46 50 38 98
64 32 20 24 56 94 30 55 43 69 16 39 86 51 5 19 67 6 27 31 8 91 54 21 65 34 72 44 57
55 32 21 56 60 91 9 78 28
40 16 73 69 88 3 43 76 59 68 36 24 19 22 7 46 92 93 17
97 69 16 72 75 91 21 96 65 39 42 56 48 54 68 41 74 89 94 49
89 38 95 20 43 41 61 65 54 85
86 77 23 90 91 33 36 74 66 32 44 92 8 15 2 5 61 76 99 42 94 59 31 53 26 49 82 18 68 27
52 89 67 60 1 46 92 25 35 44 47 51 18 42 88 66 54 5
64 8 51 15 58 6 13 60 72 90 96
95 73 84 61 91
54 56 22 59 27 8 9 31 74 49 91 96 81 99 23 90
18 58 63 67 10 48 80 1 83 36 95 56 99 42 7 77 24 76 27 84 68 37 12 26 81 59 86 33 88 93
8 77 23 55 12 18 19 57
58 64 83 6 60 87 94 67 88 55 36 50 51 97 19 68 92 29 46 10 40 32 37 8
54 57 47 48 13 30 32 81 75 66 4 23 86 1 51 31 35 26 19 8 65 58 91 64 42 61 94
60 55 26 30 99 71 83 15 80 76 14 89 18 27 43 8 64 50 90 9 22 88 41 61 39 28 2 17 5 47
81 75 65
48 66 92 18 30 91 67
100 56 23 1 24 85 6 29 58 55 33 5 91 96 16 39 59 78
17 9 3 97 75 34 59 36 1 21 79 37 67 99 27 95 20 11 14 80 51 68 88 84 69 72
87 20 75 17 89 38 67 44 51 15 53 64 86 92 71 11 7 95 66
27 20 100 56 26 79 90 96 45 93 66 50 18 47 70 82 36 86 28 5
64 100 36 63 86 77 88 4 80 14 38 75 33 99 20 12 82 81 89 30 43 53 25 7 23 70 61
26 65 19 57 31 58 48 73 88 35 53 8 76 42 32 82 12 47 2 79 3 67 17
67 2 25 70 59 76 44 50 58 72 23 5 92 33 91 34 97 65 82 74
40 77 29 57 32 33 7 4 6 68 94 55 9 10 100 38 43 30 18 15 79 86 34 90 75 21 85 28
56 8 79 5 72 42
100 34 50 95
63 53 96 22 28 16 32 21 54 77 51 71 59 34 45 86 46 35 93
60
54 9 92 46 96 82 72 49 29 11 64 60 98 37 3
15 37 48 74 70 24
11 18 6 90 23 77 82 26 81 64 22 74 58 75 38 61 25 33 5 2
68 13 19 6 18 67 43 23 40 37 94 58 84 65 96 70 87 59 80 63 64
68 86 74 62 73 79 41 22 61 7 92 69 9 38 47 65 33 87
37 74 79 22 39 94 65 23 62 53 76 56 33 75 36 88 31 67 54 58 1 89 52 77
94 44 49 8 3 34 15 76 51
39 94 46 5 51 90 11 65 32 12 72 18 93 88 31 89 53 16 56 34 21 77 78 83 61 33
26 46 21 5 1 42 87 13 80 93 8 62 99 10 69 24 25 85 56 64 76 23 98 3 32 17
14 49 30 100 41 87 17 31 27 65 21 23 79 85 19 66 45 61 51 28 3 54
55 42 89 33 26 82 10 2 50 36 28
61 87
20 58 71 35 65 85 87 68 30 9 42 48 22 5 45 33 82 3 47
58 13 93 71 34 86 1 57 77 22 47 73 38 92 37 56
15 43 83 32 79 84 10 7 1 30 94 62 57 64 70 31 5 55 13 56 25 60
85
45 27 99 88 85 91 34 95 51 18 65 43 6 33 56 41 1 68 25 3 66 20 61 74
44 42 39 87 95 70 80 29 36 7 62 51 16 32 92 54 68 81 5 78 6 23 45 27 79 24 12 77
63 87 20 83 6 41 100 7 90 46 24 13 95 45 1 50 42 91 81 39 52 79
32 44 54 74 63 4 23 57 20 60 90 8 42 15 71 61 21 86 70 25 11 52 10 64 14 73 65 75
27 55 14 87 10 74 57 20 9 69 46 42 50 51 8 81 82 85
48 22 2 81 43 72 3 77 8 13 44
44 31 50 64 78 52
10 65 71
32 36 45 88 96 47
48 35 78 23 14
100 13
35 71 40 63 67 18 4 84 26 89 87
69 88 44 16 74 39 8 2 29 60
52 20 86 33 22 79 72 88 23 59 93 7 66 26 82 39 98 36 35 51 17 42 8 71 41 89 96 9 21
87 18 99 81 39 78 40 68 32 2 43 71 100 33 57 22 34 21
27 54 7 2 50
10 70 79 60 40 48 29 84 90 88 54 21 81 41 93 20 78 50 9 72 59 65 64 56 16 33
53 87 81 28 50 22 26 86 32 21 75 77 31 34 63 20 5 100 16 30 17 72
39 100 14 71 66 86 12 96 44 47 75 31 13
32 65 57 95 98 97 47 13 9 92 59 70 74 6 81 14 82 46 63 67 61 62 7 58 2 5 73 55 44
46 24 1 72 25 99 18
48 91 26 90 54 24 74 25 65 11 59
95 14 11 69 59 85 27 79 76 34 78 91 68 21 16 90 8 13 3 15 94 31 47 22 62 77 83
69 72 60 58 18 88 30 34 47 21 8 13
72 57 67 23 9 44 100 32 93 42 49 33 56 68 27 28 53 17 71 52 97 90 36
26 52 68 45 46 57 53
29 89 86 4 6 64 62 30 52 2 85 56 36 45 93 50 88 96 97 1 47 9 32 19 23 91 18 16 95
49 53 58 41 36 3 6 27 91 52 67 64 32 54 15 20 12
90 11 31 63 99 23 57 86 96 47 3 25 55 71 79 38
76 52 100 59 92 8 2 77 61 32 79 36 68 89 48
70 58 47 89 72 27
5 67 2 87 62 24 38 68 43 6 71 52 41 20 53 46 7 19 69 49 98 65 37 44 50 88 84 51
13 29 90 9 56 62 1 85 72 34 93 18 35 47 39 30 24 71 46 36 60 84 76 96 20 55 67 8 74
15 94 71 74 49 63 26 3 84 6 38 34 55 95 65 14 27 98 44 77 19 88 21 68
13 38 60 80 97 28
77 41 16 71 15 48 36 99 31 17 46 82 72 30 22 7 73
26 96 34 19 36 56 54 45
80
6 85 27 42 93 3 25 37 4 47 58 89 75 86 65 84 83 91 7 81 23 36 78 73 9 28
75 11 88 98 21 30 41 35 19 49 61 56 18 5 60 73 55
17 80 35 88 26 37 52 7 9
95 72 35 100 81 30 61 62 91 26 73 84 59
68 33 46 16 83 25 20
57 66 47 36 67 78 91 77 44 98 75 64 2 76 90 52 70 93 15 4 61 7 95 21 13 69
87 89 47 86 1 17 41 25 77 36 46 65 9 58 7 40 59 90 21 30 14
40 81 69 65 62 76 21 58 85 20 50 14 45 63 97 7 90 60 55 66 35 33 32 8 51 15
11 29 70 1 32 45 67
73 99 54 3 53 71 17 72 40 49 80
5 48 11 72 68 75 57 82 74 78 44 22 59 40 4
20 37 90 62 5 91 78 6 30 35
33 18
30 53 61 83 78 31 70 64 15
100 38 73 48 37 15 81 59 71 57 4 26 97 76 83 1 94
50 72 78 69 24 54 82 33 92 4 40 3 67 99 45 87 93 47 1 8 76 27 71 29 83 52 14 74
31 95 13 55 23 11 58 63 71 7
34 96 62 44 33 52 99 32 67 24 17 10 92 97 60 89 15 95 12 30 38 63 29 74 70 87 23 16
17 70 47 41 36 48 56 73 40 78 97
98 67 59 32 75 13 60 6 84 90 68 71 33 34 74 85 9 24 54 65 100 47 55 99 46 28 86
47 85 9 6 25 78 83 54 64
15 44 92
48 58 35 10 93 85 1 63 83 26 52 79 50 73
58 36 92 78 83 81 50 4 80 35 34 99 30 6 37 67 77 22 94 56 21 8 95 64 46 7
84 50
1 30 13 84 96 82 19 17 3 14 98 22 16 79 45 15 74 53 83 43 42 86
47 85 13 25 7 93 62 16 6 31 42 91 46 44 48 77 80 12 8 72 2 1 29 35 23 79 69 81
6 11 99 9 80 70 85
14 92 15 49 83 1 45 19 64 10 88 56 94 47 61 73 86 35 42
1 88 41 66 16 59 19 37 49 54 38 95 2 43 75 69 87 40 25 73 77 74 39 97 44 92 55 86
89 40 19
4 24 47 37 21 11 32 39 19 95 61 65 10 72 100 73 28 3 15 66 79 23 83
4 9 37 71 90 27 91 61 83 49 62 1 19 5 51 46 95 25 16 8 98 44
97 87 91 12 40 52
35 37 87 26 85 63 23 53 61 80 13 78 29 55 7 66 88 46 11
94 5 70 16 19 91 6 36 97 60 56 58 35 50 24 54 48
86 9 71 51 44 13 54 6 14 40 49 81
24 81 11 41 47 21 99 94 60 83 100 82 35 66 1
92 20 43 97 70 44 5 95 24 77 98 74 60 41 33 14 71 31 11 2 39 86 58 80 12 50 21 78 64
73 24 65 39 67 54 23 79 40 22 47 75 95 38 56 1 15 11 61 94 14 51
14 46 87 58 94 50 32 84
87 93 32 91 5 36 68 12 63 6 43 73 25 96 61 82 45 48 38 40 81 76 84 56
24 60 13 47 36 3 1 100 63 46 17 86 56
53 87 59
81 42 27 60 57 66 22 44 37 59 14 63 62 83 73 67 40 11 17 75 54 3 10
80 40 46 16 41 11 63 70 35 68 29 73 23 15 84
19 26 20 99 17 44 28 24 82 35 42 78 15 22 7 70 34
7 33 92 9 49 87 16 50
44 33 26 47 16 4 77 57
27 65 56 26 32 92 24 25 84 37 30 60 3 46 39 43 33 1 66 67
41 8 97 91 2 66 19 23 86 87 1 84 44
45 52 29 64 91 50
25 38 22 43 5 76 67 60 32 84 81 91 99 96
4 35 17 91 9 43 77 68 44 75 51 53 10 16 85 5
37 44 19 45 67 15 92 36 95 84 89 27 33 61 50 4 23
97 1 48 93 70 92 68 28 8 91 7
49 5 76 57 40 95 14
9 94 80 22 57 36
97 86 58 100 20 73 52 5 6 68 72 8 26 56 18 67 77 7 28 63 76 70 36 78
28 18 84 1 76 43 14 2 50 89 82 86 11 13 73 45 88 17 32 61 70 67
77 9
8 76 22 27 2 100 91 36 38 34 37 90 50 98 43 70 82
98 73 2
81 99 36 38 13 100 16 34 6 19 59 61 71 23 1
38 85 69 94 6 54 51 50 18 59 5 8 1 62
54 56 38 3 83 24 87 72 55 52 44 73 60 30
6 71 62 91 9
61 82 26 48 47 87 23 67 74 89 83 6
53 26 45 94 14 44 36 10 72 11 80
87 29 22 18 84 46 81 50 59 45 60 78 68 90 97 43 95 8 86 70
84 63 36 38 68 72 37 44 23 39 67 64 16 78 90 15 57 82 34 91 11 4 69 43 9 19 31 76 48
9 57 27 32 5 88 23 19 72 60 70 15 95 17 94 46 20 7 75 31 41 36 68 86 1
30 14 2 23 4 26 15 27 67 11 10 56 92 19 7 24 44 37 8 62 89
4 9 60 70 95 62 81 94 37 82 44 64 28 79 40 36 86 34 78 35 23 31 66 6 80
59 1 25 48 21 54 43 12 77 16 32 88 7 4 2 35 67 10 53
71 76 6 70 89 42 55 83 57 18 5 17 29 39 8 40 31 90 74 16 15 72
60 72 15 37 42 51 99 6 94 27 26 38 30
57 91 64 28 85 59 67 78 13 63 46 68 19 77 80 40 24 23
88 34 61
70 34 9 46 83 77 7 93 17 100 64 79 59 97
62 17 93 67 21 20 36 72 3 10 98 58 73
100 81 20 64 37 26 18 86 98 27 89 50 66 57 49 28 72 62 44 24 47 90 29 32
64 20 91
32 95 86 83 33 35 27 46 52 6 11 30 3 38 48 8 72 70 10 78 50 17
6 96 100 29 76 2 54 5 61 27 60 25
8 49 93 100 56 32 27 7 65 50 17 85 44 51 63 28 23 13 48 43 37 3 41
82 30 56 53 68 94 54 83 45 95 39 88 25 4 66 16 38 22 70 15
45 88 56 96 82 38 28 99 15 5 89 50 54 94 55 93 46 58 52 64 97 81 33 17 75 34 39
67 46 23 26 19 68
29 41 86 6 36 10 67 32 71 99 74 51 34 89 25 26 20 97
5 54 70
65 51 85 63 70 37 79 4 93 60 66 36 88 19 81 45 89 13 68 67 56 80 74 99 75 55 31 27 40
84 56 49 43 34 51 98 45 99 62 10 65 35 9 16 72 33 24 66 3 46 53 85
64 24 11 28 39 50 26 97 95 49 17 69 52 98 5 79 34 31 94 58 63 21 83
3 33 74 38 42 68 22 36 90 35 97 82 92 18 96 12 98 87 53 65 60 77 19 23 62
34 62 47 59 45 14 81 20 37 4 8 73 71 10 89 53 25 29 27 74 68 50 9
54 20 98 77 5 81
77 22 14 21 80 36 47 75 55 99 86 79 48 59 88 42 56
69 5 70 10 20 68 86 30 99 6 46 43 41 82 94 90 100
17 83 94 8 4 45 3 89 78 15 79 99 29 33 13 32 18 87 38 100 91 2 42 81
37
52 73 19 42 46 84 38 35 47 93 25 51 80 86 70 68 89 81 44 50 65
11 93 52 57 16 67 64 100 10 90 96 94 76
86 66 3 62 27 72 84 97 45 87 2 23 96 51 22 1 79
74 39 29 97 72 55 64 80 85 52 43 51 17 47 33 26 22 86 36
27 82 23 90 43 78 8 44 47 66 45 30 83 36 86 17 75 62 69 97 18 61 89 32 2 11 6 5
70 47 22 62 10 88 77 83 45 58 16 33 49 50 2 31 85 29 8 86 37 7 38 27
1 14 74 93
100 88 31 91 24 50 97 15 87 12 94 5 9 92 34 6 1 83 46 96 77 69 48 30 17 84 49
6 74 37 15 31 87 3 17 26 12 92 70 56 4 75 22 34 65 10 33 71 40 24
5 87 75 32 76 62 33 22 94 72 1 40 61 9 95 31 35 42 17 41 30 84 68 49 19 96
63 70 19 58 45 65 52 32 79 24 94 41 75
89 56 69 51 22 48 13 44 79
78 77 96 98 49 9 10 94
76 77 9 85 28 25 4 27 43 24 91 3 53 10 75 15 26 92 94 55 21 47 18
59 23 12 40 52 66 68 98 53 4 25 76 21 6 3 65 36 50 48 81 9 5 11 49 60 39 42
15 90 97 56 1 94 63 32 47 33 12 14 13 2 22 93 8
6 8 12 90 2 67 52 30 63 74 85 43 58
85 55 59 65 63 38 31 57 45 64 91 94
12 69 72 53 62 77 56 6 50 23 68 20 71 44 35 34 74 24 95 1 63
22
31 57 25 72 9 12 15 24 4 98 81 56 52 37 46 26 63 83 42 69 34 2 45 67
96 13 27 18 51 28 95 38 52 82 44 24 5 46 97 6 1 62 23 15 83 76 32 41 22 4 86 39
54 90 29 88 46 16 30 81 28 2 11 32
99 19 49 16 52 4 30 6 5 25 50 71 17 15 73 37 87 85 8 45
26 44 38 92 43 24
75 98 76 91 100 59 71 21 1 54 24 84 48 78 37 82 80 46 27 3 35 63 7 56 93 33 6 36
76 40 49 57 71 53 74 95 83 98
37 43 97
84 54 30 17 15 89 94 48 98 99
57 15 54 93 84 14 41 22 97 9 98 39 82 88 87 10 50 46 78
58 95 36 66 37 92 91 18 3 54 30 73 77 45 42 57 25 67 49 29 68 70 41 7 69 79 75 59
98 49 86 44 94 51 73 56 9 45 11 92
62 49 10 1 91 9 36 3 84
41 76 54 58 91 56 26 96 12 14 44 69 70 94 75 31 48 1 64 99 93
11 76 49 13 67 90 69
28 46 82 52 65
34 41 74 48 57 44 86 62 8 90 33 89 61 94 19 71 47 70 84 52 49 63 75 42 13 26 2 12 65
22 59 50 95 38 45 13 84 67 63 31 6 3 23 78 56 40
48 87 17 63 82 34 59 12 18 4 39 93 11 67 30 36 74 85 21 90 83 38 46 22 51 3 13 86 44 71
46 21 63 89 31 61 80 54 24
47 82 68 42 45 35 36 27 26 66 34 15 54 75 92 71 7 46 8 93 22 30 91 99 18 29 17
62 87 65 56 89 79 48
25 47 44 27 95 83 89 2 13 77 49 38 19 57 45 90 65
96 7 52 76 17 63 85 70 3 90 89 94 99 20 47 66 38 59 15 57 97 30 75 68 82 71 41 10
77 72 28 32 75 57
26 64 85 56 17 76 60
70 53
66 29 63 46 19 84 90 79 94 68 39 89 36 30 93 83 60 99 43 65 41 35 96 69 44 18 72
87 34 6 43 76 7 21 56 95 16 97 28 81 72 45 20 49 58 41 75 99 4 1 5 36
58 16 95 80 43 2 30 26 77 54 83 60 48
87 57 84 63 100 89 60 90 32 26 88 75 28 24 6 44 41 13 72 50 31
2 33 10 41 74 8 78 96 23 45 6 67 98 68 100
52 80 12 78 26 9 40 100 72 53
19 41 59 88
35 81 16 34 55 3 85 5 17 32 47 86 12 71 8 42 64 77 57 83 75 43
61 41 90 7 11 66
13 22 87 53 73 75 43 89 35 74 64 29 60 72
62 30 15
90 83 75 18 27 12 5 11 42 25 39 54 44 30 64 34
48 52 59 99
5 71 50 91
29 58 6 47 8 33 68 27 86 2 89 53 76 37 78 99 70 97 18 24 65 77 40 52 64
49 63 68 11 33 47 10 37 45 94 3 23 48 96 90 91 44 97 83 64 15 59 9 51 81
70 13 62 53 76 52 96 41 99 31 45 49 87 26 58 44 43 55 68 69 8 11 40 25 37 10 59 36 54
64 32 13 40 33 72 17 19 28 46 49
100 36 28 43 20 55 56 67 30 34 46 2 62 8
48 36 13 77 10 96 52 50 44 35 25 62 47 90 71 80 23 27 97
74 12 24 2 17 38 76 48 10 58 78 41 33 45 81 27 35 51 20 31 61 21 79 46 84 8
